==========================
Matriz atual: 1
M[10][10]
Posição: [x = 5]; [y = 0]

[ 4 ][-9 ][-1 ][-1 ][-9 ][ 4 ][-1 ][-9 ][-1 ][-1 ]
[ 1 ][-1 ][ 2 ][-9 ][-1 ][-9 ][ 4 ][ 5 ][ 4 ][ 2 ]
[ 1 ][ 1 ][-9 ][ 4 ][-9 ][ 5 ][ 4 ][ 5 ][-9 ][ 2 ]
[ 5 ][ 4 ][-9 ][ 5 ][-1 ][-1 ][-9 ][-9 ][ 5 ][-9 ]
[-1 ][ 2 ][-1 ][ 1 ][-1 ][ 5 ][-9 ][-1 ][-9 ][-9 ]
 >X< [-9 ][ 2 ][-1 ][ 1 ][-9 ][-9 ][ 4 ][ 1 ][ 1 ]
[ 4 ][-9 ][ 3 ][-9 ][ 3 ][ 2 ][ 3 ][ 5 ][ 5 ][-9 ]
[-9 ][ 4 ][ 2 ][-9 ][-1 ][-9 ][-1 ][-9 ][-9 ][-9 ]
[-1 ][-9 ][-9 ][ 2 ][-1 ][ 1 ][ 2 ][ 2 ][-9 ][ 3 ]
[ 1 ][-9 ][-1 ][-9 ][-9 ][ 3 ][-9 ][-9 ][ 4 ][-9 ]

==========================
Matriz atual: 3
M[10][10]
Posição: [x = 4]; [y = 0]

[ 5 ][ 1 ][ 2 ][-1 ][ 4 ][-9 ][-9 ][ 1 ][ 1 ][ 5 ]
[ 2 ][-9 ][-9 ][ 4 ][-1 ][ 4 ][ 5 ][ 1 ][ 2 ][ 5 ]
[ 5 ][-1 ][-9 ][ 2 ][ 3 ][-1 ][-1 ][ 2 ][-1 ][ 5 ]
[ 5 ][ 3 ][-9 ][ 1 ][-1 ][-1 ][ 1 ][-1 ][-9 ][ 5 ]
 >X< [ 1 ][ 3 ][ 3 ][-9 ][-9 ][ 4 ][ 5 ][ 3 ][ 2 ]
[-9 ][ 4 ][-1 ][-1 ][ 1 ][-9 ][-1 ][-9 ][ 5 ][ 5 ]
[-1 ][-1 ][-9 ][-1 ][-9 ][-9 ][ 5 ][ 1 ][-9 ][ 2 ]
[-1 ][ 5 ][-9 ][-9 ][ 5 ][ 4 ][-1 ][ 5 ][-9 ][-1 ]
[ 2 ][ 3 ][ 2 ][ 5 ][-9 ][ 2 ][-9 ][ 4 ][ 2 ][-1 ]
[-1 ][ 1 ][ 5 ][ 5 ][ 3 ][ 5 ][-1 ][-9 ][-9 ][ 4 ]

==========================
Matriz atual: 3
M[10][10]
Posição: [x = 3]; [y = 0]

[ 5 ][ 1 ][ 2 ][-1 ][ 4 ][-9 ][-9 ][ 1 ][ 1 ][ 5 ]
[ 2 ][-9 ][-9 ][ 4 ][-1 ][ 4 ][ 5 ][ 1 ][ 2 ][ 5 ]
[ 5 ][-1 ][-9 ][ 2 ][ 3 ][-1 ][-1 ][ 2 ][-1 ][ 5 ]
 >X< [ 3 ][-9 ][ 1 ][-1 ][-1 ][ 1 ][-1 ][-9 ][ 5 ]
[-9 ][ 1 ][ 3 ][ 3 ][-9 ][-9 ][ 4 ][ 5 ][ 3 ][ 2 ]
[-9 ][ 4 ][-1 ][-1 ][ 1 ][-9 ][-1 ][-9 ][ 5 ][ 5 ]
[-1 ][-1 ][-9 ][-1 ][-9 ][-9 ][ 5 ][ 1 ][-9 ][ 2 ]
[-1 ][ 5 ][-9 ][-9 ][ 5 ][ 4 ][-1 ][ 5 ][-9 ][-1 ]
[ 2 ][ 3 ][ 2 ][ 5 ][-9 ][ 2 ][-9 ][ 4 ][ 2 ][-1 ]
[-1 ][ 1 ][ 5 ][ 5 ][ 3 ][ 5 ][-1 ][-9 ][-9 ][ 4 ]

==========================
Matriz atual: 3
M[10][10]
Posição: [x = 3]; [y = 1]

[ 5 ][ 1 ][ 2 ][-1 ][ 4 ][-9 ][-9 ][ 1 ][ 1 ][ 5 ]
[ 2 ][-9 ][-9 ][ 4 ][-1 ][ 4 ][ 5 ][ 1 ][ 2 ][ 5 ]
[ 5 ][-1 ][-9 ][ 2 ][ 3 ][-1 ][-1 ][ 2 ][-1 ][ 5 ]
[ 4 ] >X< [-9 ][ 1 ][-1 ][-1 ][ 1 ][-1 ][-9 ][ 5 ]
[-9 ][ 1 ][ 3 ][ 3 ][-9 ][-9 ][ 4 ][ 5 ][ 3 ][ 2 ]
[-9 ][ 4 ][-1 ][-1 ][ 1 ][-9 ][-1 ][-9 ][ 5 ][ 5 ]
[-1 ][-1 ][-9 ][-1 ][-9 ][-9 ][ 5 ][ 1 ][-9 ][ 2 ]
[-1 ][ 5 ][-9 ][-9 ][ 5 ][ 4 ][-1 ][ 5 ][-9 ][-1 ]
[ 2 ][ 3 ][ 2 ][ 5 ][-9 ][ 2 ][-9 ][ 4 ][ 2 ][-1 ]
[-1 ][ 1 ][ 5 ][ 5 ][ 3 ][ 5 ][-1 ][-9 ][-9 ][ 4 ]

==========================
Matriz atual: 3
M[10][10]
Posição: [x = 2]; [y = 2]

[ 5 ][ 1 ][ 2 ][-1 ][ 4 ][-9 ][-9 ][ 1 ][ 1 ][ 5 ]
[ 2 ][-9 ][-9 ][ 4 ][-1 ][ 4 ][ 5 ][ 1 ][ 2 ][ 5 ]
[ 5 ][-1 ] >X< [ 2 ][ 3 ][-1 ][-1 ][ 2 ][-1 ][ 5 ]
[ 4 ][ 2 ][-9 ][ 1 ][-1 ][-1 ][ 1 ][-1 ][-9 ][ 5 ]
[-9 ][ 1 ][ 3 ][ 3 ][-9 ][-9 ][ 4 ][ 5 ][ 3 ][ 2 ]
[-9 ][ 4 ][-1 ][-1 ][ 1 ][-9 ][-1 ][-9 ][ 5 ][ 5 ]
[-1 ][-1 ][-9 ][-1 ][-9 ][-9 ][ 5 ][ 1 ][-9 ][ 2 ]
[-1 ][ 5 ][-9 ][-9 ][ 5 ][ 4 ][-1 ][ 5 ][-9 ][-1 ]
[ 2 ][ 3 ][ 2 ][ 5 ][-9 ][ 2 ][-9 ][ 4 ][ 2 ][-1 ]
[-1 ][ 1 ][ 5 ][ 5 ][ 3 ][ 5 ][-1 ][-9 ][-9 ][ 4 ]

==========================
Matriz atual: 3
M[10][10]
Posição: [x = 1]; [y = 1]

[ 5 ][ 1 ][ 2 ][-1 ][ 4 ][-9 ][-9 ][ 1 ][ 1 ][ 5 ]
[ 2 ] >X< [-9 ][ 4 ][-1 ][ 4 ][ 5 ][ 1 ][ 2 ][ 5 ]
[ 5 ][-1 ][-9 ][ 2 ][ 3 ][-1 ][-1 ][ 2 ][-1 ][ 5 ]
[ 4 ][ 2 ][-9 ][ 1 ][-1 ][-1 ][ 1 ][-1 ][-9 ][ 5 ]
[-9 ][ 1 ][ 3 ][ 3 ][-9 ][-9 ][ 4 ][ 5 ][ 3 ][ 2 ]
[-9 ][ 4 ][-1 ][-1 ][ 1 ][-9 ][-1 ][-9 ][ 5 ][ 5 ]
[-1 ][-1 ][-9 ][-1 ][-9 ][-9 ][ 5 ][ 1 ][-9 ][ 2 ]
[-1 ][ 5 ][-9 ][-9 ][ 5 ][ 4 ][-1 ][ 5 ][-9 ][-1 ]
[ 2 ][ 3 ][ 2 ][ 5 ][-9 ][ 2 ][-9 ][ 4 ][ 2 ][-1 ]
[-1 ][ 1 ][ 5 ][ 5 ][ 3 ][ 5 ][-1 ][-9 ][-9 ][ 4 ]

==========================
Matriz atual: 3
M[10][10]
Posição: [x = 0]; [y = 1]

[ 5 ] >X< [ 2 ][-1 ][ 4 ][-9 ][-9 ][ 1 ][ 1 ][ 5 ]
[ 2 ][-9 ][-9 ][ 4 ][-1 ][ 4 ][ 5 ][ 1 ][ 2 ][ 5 ]
[ 5 ][-1 ][-9 ][ 2 ][ 3 ][-1 ][-1 ][ 2 ][-1 ][ 5 ]
[ 4 ][ 2 ][-9 ][ 1 ][-1 ][-1 ][ 1 ][-1 ][-9 ][ 5 ]
[-9 ][ 1 ][ 3 ][ 3 ][-9 ][-9 ][ 4 ][ 5 ][ 3 ][ 2 ]
[-9 ][ 4 ][-1 ][-1 ][ 1 ][-9 ][-1 ][-9 ][ 5 ][ 5 ]
[-1 ][-1 ][-9 ][-1 ][-9 ][-9 ][ 5 ][ 1 ][-9 ][ 2 ]
[-1 ][ 5 ][-9 ][-9 ][ 5 ][ 4 ][-1 ][ 5 ][-9 ][-1 ]
[ 2 ][ 3 ][ 2 ][ 5 ][-9 ][ 2 ][-9 ][ 4 ][ 2 ][-1 ]
[-1 ][ 1 ][ 5 ][ 5 ][ 3 ][ 5 ][-1 ][-9 ][-9 ][ 4 ]

==========================
Matriz atual: 3
M[10][10]
Posição: [x = 1]; [y = 1]

[ 5 ][ 0 ][ 2 ][-1 ][ 4 ][-9 ][-9 ][ 1 ][ 1 ][ 5 ]
[ 2 ] >X< [-9 ][ 4 ][-1 ][ 4 ][ 5 ][ 1 ][ 2 ][ 5 ]
[ 5 ][-1 ][-9 ][ 2 ][ 3 ][-1 ][-1 ][ 2 ][-1 ][ 5 ]
[ 4 ][ 2 ][-9 ][ 1 ][-1 ][-1 ][ 1 ][-1 ][-9 ][ 5 ]
[-9 ][ 1 ][ 3 ][ 3 ][-9 ][-9 ][ 4 ][ 5 ][ 3 ][ 2 ]
[-9 ][ 4 ][-1 ][-1 ][ 1 ][-9 ][-1 ][-9 ][ 5 ][ 5 ]
[-1 ][-1 ][-9 ][-1 ][-9 ][-9 ][ 5 ][ 1 ][-9 ][ 2 ]
[-1 ][ 5 ][-9 ][-9 ][ 5 ][ 4 ][-1 ][ 5 ][-9 ][-1 ]
[ 2 ][ 3 ][ 2 ][ 5 ][-9 ][ 2 ][-9 ][ 4 ][ 2 ][-1 ]
[-1 ][ 1 ][ 5 ][ 5 ][ 3 ][ 5 ][-1 ][-9 ][-9 ][ 4 ]

==========================
Matriz atual: 3
M[10][10]
Posição: [x = 1]; [y = 2]

[ 5 ][ 0 ][ 2 ][-1 ][ 4 ][-9 ][-9 ][ 1 ][ 1 ][ 5 ]
[ 2 ][-9 ] >X< [ 4 ][-1 ][ 4 ][ 5 ][ 1 ][ 2 ][ 5 ]
[ 5 ][-1 ][-9 ][ 2 ][ 3 ][-1 ][-1 ][ 2 ][-1 ][ 5 ]
[ 4 ][ 2 ][-9 ][ 1 ][-1 ][-1 ][ 1 ][-1 ][-9 ][ 5 ]
[-9 ][ 1 ][ 3 ][ 3 ][-9 ][-9 ][ 4 ][ 5 ][ 3 ][ 2 ]
[-9 ][ 4 ][-1 ][-1 ][ 1 ][-9 ][-1 ][-9 ][ 5 ][ 5 ]
[-1 ][-1 ][-9 ][-1 ][-9 ][-9 ][ 5 ][ 1 ][-9 ][ 2 ]
[-1 ][ 5 ][-9 ][-9 ][ 5 ][ 4 ][-1 ][ 5 ][-9 ][-1 ]
[ 2 ][ 3 ][ 2 ][ 5 ][-9 ][ 2 ][-9 ][ 4 ][ 2 ][-1 ]
[-1 ][ 1 ][ 5 ][ 5 ][ 3 ][ 5 ][-1 ][-9 ][-9 ][ 4 ]

==========================
Matriz atual: 3
M[10][10]
Posição: [x = 1]; [y = 2]

[ 5 ][ 0 ][ 2 ][-1 ][ 4 ][-9 ][-9 ][ 1 ][ 1 ][ 5 ]
[ 2 ][-9 ] >X< [ 4 ][-1 ][ 4 ][ 5 ][ 1 ][ 2 ][ 5 ]
[ 5 ][-1 ][-9 ][ 2 ][ 3 ][-1 ][-1 ][ 2 ][-1 ][ 5 ]
[ 4 ][ 2 ][-9 ][ 1 ][-1 ][-1 ][ 1 ][-1 ][-9 ][ 5 ]
[-9 ][ 1 ][ 3 ][ 3 ][-9 ][-9 ][ 4 ][ 5 ][ 3 ][ 2 ]
[-9 ][ 4 ][-1 ][-1 ][ 1 ][-9 ][-1 ][-9 ][ 5 ][ 5 ]
[-1 ][-1 ][-9 ][-1 ][-9 ][-9 ][ 5 ][ 1 ][-9 ][ 2 ]
[-1 ][ 5 ][-9 ][-9 ][ 5 ][ 4 ][-1 ][ 5 ][-9 ][-1 ]
[ 2 ][ 3 ][ 2 ][ 5 ][-9 ][ 2 ][-9 ][ 4 ][ 2 ][-1 ]
[-1 ][ 1 ][ 5 ][ 5 ][ 3 ][ 5 ][-1 ][-9 ][-9 ][ 4 ]

==========================
Matriz atual: 3
M[10][10]
Posição: [x = 1]; [y = 2]

[ 5 ][ 0 ][ 2 ][-1 ][ 4 ][-9 ][-9 ][ 1 ][ 1 ][ 5 ]
[ 2 ][-9 ] >X< [ 4 ][-1 ][ 4 ][ 5 ][ 1 ][ 2 ][ 5 ]
[ 5 ][-1 ][-9 ][ 2 ][ 3 ][-1 ][-1 ][ 2 ][-1 ][ 5 ]
[ 4 ][ 2 ][-9 ][ 1 ][-1 ][-1 ][ 1 ][-1 ][-9 ][ 5 ]
[-9 ][ 1 ][ 3 ][ 3 ][-9 ][-9 ][ 4 ][ 5 ][ 3 ][ 2 ]
[-9 ][ 4 ][-1 ][-1 ][ 1 ][-9 ][-1 ][-9 ][ 5 ][ 5 ]
[-1 ][-1 ][-9 ][-1 ][-9 ][-9 ][ 5 ][ 1 ][-9 ][ 2 ]
[-1 ][ 5 ][-9 ][-9 ][ 5 ][ 4 ][-1 ][ 5 ][-9 ][-1 ]
[ 2 ][ 3 ][ 2 ][ 5 ][-9 ][ 2 ][-9 ][ 4 ][ 2 ][-1 ]
[-1 ][ 1 ][ 5 ][ 5 ][ 3 ][ 5 ][-1 ][-9 ][-9 ][ 4 ]

==========================
Matriz atual: 3
M[10][10]
Posição: [x = 1]; [y = 2]

[ 5 ][ 0 ][ 2 ][-1 ][ 4 ][-9 ][-9 ][ 1 ][ 1 ][ 5 ]
[ 2 ][-9 ] >X< [ 4 ][-1 ][ 4 ][ 5 ][ 1 ][ 2 ][ 5 ]
[ 5 ][-1 ][-9 ][ 2 ][ 3 ][-1 ][-1 ][ 2 ][-1 ][ 5 ]
[ 4 ][ 2 ][-9 ][ 1 ][-1 ][-1 ][ 1 ][-1 ][-9 ][ 5 ]
[-9 ][ 1 ][ 3 ][ 3 ][-9 ][-9 ][ 4 ][ 5 ][ 3 ][ 2 ]
[-9 ][ 4 ][-1 ][-1 ][ 1 ][-9 ][-1 ][-9 ][ 5 ][ 5 ]
[-1 ][-1 ][-9 ][-1 ][-9 ][-9 ][ 5 ][ 1 ][-9 ][ 2 ]
[-1 ][ 5 ][-9 ][-9 ][ 5 ][ 4 ][-1 ][ 5 ][-9 ][-1 ]
[ 2 ][ 3 ][ 2 ][ 5 ][-9 ][ 2 ][-9 ][ 4 ][ 2 ][-1 ]
[-1 ][ 1 ][ 5 ][ 5 ][ 3 ][ 5 ][-1 ][-9 ][-9 ][ 4 ]

==========================
Matriz atual: 3
M[10][10]
Posição: [x = 0]; [y = 1]

[ 5 ] >X< [ 2 ][-1 ][ 4 ][-9 ][-9 ][ 1 ][ 1 ][ 5 ]
[ 2 ][-9 ][-9 ][ 4 ][-1 ][ 4 ][ 5 ][ 1 ][ 2 ][ 5 ]
[ 5 ][-1 ][-9 ][ 2 ][ 3 ][-1 ][-1 ][ 2 ][-1 ][ 5 ]
[ 4 ][ 2 ][-9 ][ 1 ][-1 ][-1 ][ 1 ][-1 ][-9 ][ 5 ]
[-9 ][ 1 ][ 3 ][ 3 ][-9 ][-9 ][ 4 ][ 5 ][ 3 ][ 2 ]
[-9 ][ 4 ][-1 ][-1 ][ 1 ][-9 ][-1 ][-9 ][ 5 ][ 5 ]
[-1 ][-1 ][-9 ][-1 ][-9 ][-9 ][ 5 ][ 1 ][-9 ][ 2 ]
[-1 ][ 5 ][-9 ][-9 ][ 5 ][ 4 ][-1 ][ 5 ][-9 ][-1 ]
[ 2 ][ 3 ][ 2 ][ 5 ][-9 ][ 2 ][-9 ][ 4 ][ 2 ][-1 ]
[-1 ][ 1 ][ 5 ][ 5 ][ 3 ][ 5 ][-1 ][-9 ][-9 ][ 4 ]

